
designed warm | skycell-rw/pgsphere | skycell/skycell-rw
1"    n=400 | 0.95 [0.89, 1.00] | 0.80 [0.72, 0.84]
10"   n=400 | 0.95 [0.90, 0.99] | 0.78 [0.74, 0.84]
1'    n=300 | 1.02 [0.96, 1.07] | 0.81 [0.76, 0.88]
6'    n=200 | 1.04 [0.98, 1.15] | 0.79 [0.73, 0.85]
30'   n=100 | 1.07 [0.97, 1.17] | 0.80 [0.71, 0.86]
1deg  n= 40 | 0.91 [0.85, 0.98] | 0.87 [0.81, 0.90]
3deg  n= 16 | 0.79 [0.66, 0.97] | 0.92 [0.85, 1.01]

gaia warm | skycell-rw/pgsphere | skycell/skycell-rw
1"    n=400 | 0.95 [0.90, 1.01] | 0.78 [0.73, 0.83]
10"   n=400 | 0.88 [0.83, 0.92] | 0.81 [0.76, 0.86]
1'    n=300 | 0.90 [0.85, 0.97] | 0.81 [0.77, 0.85]
6'    n=200 | 1.00 [0.96, 1.04] | 0.80 [0.74, 0.86]
30'   n=100 | 0.92 [0.84, 1.01] | 0.84 [0.81, 0.91]
1deg  n= 40 | 0.79 [0.75, 0.88] | 0.91 [0.85, 0.97]
3deg  n= 16 | 0.69 [0.64, 0.96] | 0.97 [0.76, 1.03]
